67,4
67,3
67,1
65,8
65,7
65,6
65,5
65,4
65,3
65,1
64,9
64,8
64,7
64,6
64,5
64,4
64,3
64,1
63,9
63,8
63,7
63,6
63,5
63,4
63,3
63,1
62,8
62,7
62,6
62,5
62,4
62,3
62,1
61,9
61,8
61,7
61,6
61,5
61,4
61,3
61,1
60,9
60,8
60,7
60,6
60,5
60,4
60,3
60,1
59,8
59,7
59,6
59,5
59,4
59,3
59,1
58,8
58,7
58,6
58,5
58,4
58,3
58,1
57,8
57,7
57,6
2,6
4,1
4,3
4,0
57,5
57,4
57,3
57,1
39,6
39,5
39,4
39,3
39,1
24,7
24,6
24,5
24,4
24,3
24,1
12,3
12,1
10,3
10,1
9,3
9,1
6,1
6,4
16,1
16,3
16,0
86,1
86,3
0,425
86,0
1,1
1,3
1,0
2,1
2,4
2,3
2,0
0,9
0,310
0,305
0,308
0,304
0,303
0,302
0,307
0,12
0,373
0,10
0,8
0,0
0,406
0,300
0,313
0,299
0,333
0,298
0,372
0,297
0,431
0,296
0,357
0,295
0,355
0,294
0,422
0,293
0,402
0,292
0,414
0,291
0,401
0,290
0,399
0,289
0,400
0,288
0,394
0,287
0,403
0,286
0,306
0,285
0,437
0,284
0,434
0,283
0,446
0,282
0,366
0,281
0,344
0,280
0,433
0,279
0,411
0,278
0,430
0,277
0,311
0,276
0,445
0,275
0,398
67,5
67,6
67,8
68,1
68,4
68,5
68,7
71,1
71,3
71,5
71,6
71,8
75,3
80,1
84,1
84,3
84,5
84,6
84,8
84,10
84,9
84,7
84,4
80,3
75,1
71,7
71,4
68,8
68,6
68,3
67,7
0,274
0,397
0,273
0,409
0,272
0,443
0,271
0,429
0,270
0,341
0,269
0,428
0,268
0,407
0,267
0,343
0,266
0,396
0,265
0,364
0,264
0,427
0,263
0,309
0,262
0,346
0,261
0,393
0,260
0,392
0,259
0,424
0,258
0,382
0,257
0,419
0,256
0,404
0,255
0,391
0,254
0,385
0,253
0,362
0,252
0,415
